[slide3.jpg]
filters=finetune2=1,0.368421,0.000000,0.000000,00000000,0.000000;unsharp2=1,0.600000;
moddate=8890acdce62dd101
width=720
height=252
textactive=0
